accession	long	lat	4k	6k	ratio
86	106.63	29.71	400.16	422.56	0.946989777
87	91.18	29.64	305.83	297.55	1.027827256
10020	16.5	49.17	63.37	33.66	1.88265003
10022	7.7667	48.0333	91.66	83.29	1.100492256
10027	7.765567	48.02838	262.03	166.81	1.570829087
1006	14.05	55.3833	731.89	406.51	1.800423114
1061	14.1333	55.7167	247.31	155.61	1.589293747
1062	14.1333	55.7167	856.69	494.86	1.731176494
1063	14.1333	55.7167	278.13	247.68	1.122940891
108	-4.06667	48.5167	281.46	272.73	1.03200968
1158	16.5167	56.7	775.95	413.68	1.875725198
1166	16.5167	56.7	956.72	542.51	1.763506663
1254	17.0167	59.4333	671.96	731.21	0.918969927
1257	17.0167	59.4333	641.48	664.23	0.965749816
1313	16.8667	59.5667	629.65	659.05	0.955390335
1317	16.8667	59.5667	1230.58	1229.92	1.00053662
139	-4.06667	48.5167	204.7	195.97	1.044547635
14312	34.12	62.02	649.09	440.18	1.474601299
14313	34.12	62.02	800.43	514.82	1.554776427
14314	35.11	61.59	516.67	300.28	1.720627414
14315	35.11	61.59	686.15	439.9	1.559786315
14318	34.24	61.94	794.09	457.01	1.737576858
14319	34.24	61.94	1415.21	940.98	1.50397458
1552	18.3667	63.0833	1173	771.61	1.520198028
15560	61.37	61.37	992.52	454.67	2.182945873
15591	14.72665	48.3315333	1566.68	891.46	1.757431629
15592	14.7158667	48.3314667	965.26	535.52	1.802472363
15593	14.7158667	48.3314667	1428	809.41	1.764248033
159	3.93333	47.35	245.78	254.43	0.966002437
1612	-86.583	41.9	480.91	487.75	0.985976422
1622	-86.583	41.9	652.13	657.23	0.992240159
1651	-86.4045	43.3431	543.36	535.79	1.01412867
1652	-86.4045	43.3431	499.18	503.11	0.992188587
1676	-86.607	41.879	519.05	529.78	0.97974631
1684	-86.607	41.879	317.02	317.2	0.999432535
1739	-85.398	42.405	140.98	132.79	1.061676331
1741	-85.398	42.405	111.54	97.85	1.139908022
1756	-86.358	42.184	361.13	357.09	1.011313674
1757	-86.358	42.184	684.34	677.02	1.010812088
1793	-86.67	41.847	829.77	842.7	0.984656461
1797	-86.67	41.847	272.54	282.1	0.966111308
1819	-86.67	41.8	441.75	455.66	0.969472853
1820	-86.67	41.8	451.3	461.49	0.977919348
1829	-86.509	42.051	422.11	247.19	1.707633804
1834	-86.509	42.051	476.82	493.51	0.96618103
1835	-86.509	42.051	356	365.86	0.9730498
1851	-86.2657	43.595	964.7	985.38	0.979013173
1852	-86.2657	43.595	254.64	271.68	0.937279152
1853	-86.2657	43.595	204.39	195.63	1.044778408
18694	32.09	60.4	785.78	416.12	1.888349515
18696	30.63	61.57	565.82	310.16	1.82428424
1872	-86.2657	43.595	409.89	402.87	1.017424976
1890	-86.1859	43.5139	566.09	314.52	1.799853745
1925	-86.1843	43.5251	352.17	202.54	1.738767651
1942	-86.1843	43.5251	139.2	133.08	1.045987376
1943	-86.1843	43.5251	161.7	157.55	1.026340844
1954	-86.1739	43.5187	255.54	147.2	1.736005435
19949	14.7181667	48.3268333	459.93	445.35	1.032738296
19950	14.7181667	48.3268333	418.47	414.18	1.010357815
19951	14.7181667	48.3268333	648.81	624.76	1.038494782
2016	-86.1788	43.5356	393.91	216.4	1.820286506
2017	-86.1788	43.5356	672.18	676.67	0.993364565
2031	-86.412	42.166	247.89	255.02	0.972041409
2053	-86.412	42.166	962.5	977.23	0.984926783
2057	-86.412	42.166	764.59	485.03	1.576376719
2081	-86.3368	43.2483	180.78	184.31	0.980847485
2091	-86.3368	43.2483	123.75	116.95	1.058144506
2106	-86.0891	43.2749	139.08	154.77	0.898623764
2108	-86.0891	43.2749	840.35	824.63	1.019063095
2141	-86.0891	43.2749	119.73	118.85	1.007404291
2159	-86.431	42.148	180.48	177.2	1.018510158
2166	-86.431	42.148	128.44	128.69	0.998057347
2171	-86.431	42.148	552.97	315.34	1.753567578
2191	-86.3929	43.7623	801.17	802.32	0.998566657
2202	-86.3929	43.7623	224.14	123.11	1.820648201
2212	-86.3929	43.7623	818.02	796.03	1.027624587
2239	-86.382	42.184	666.88	692.71	0.962711669
2240	-86.382	42.184	471.57	474.54	0.993741307
2276	-86.496	43.665	243.05	136.9	1.775383492
2278	-86.496	43.665	276.16	271.34	1.017763691
2285	-86.496	43.665	401.49	398.92	1.006442394
2286	-86.496	43.665	659.95	671.09	0.98340014
2317	-86.514	42.03	223.26	215.17	1.037598178
2370	-86.646	41.865	317.25	338.46	0.937333806
2412	-86.646	41.865	138.21	134.63	1.026591399
265	-1.16667	44.65	300.18	152.31	1.970848927
350	4.11667	46.6667	203.8	193.95	1.050786285
351	4.11667	46.6667	305.21	296.85	1.028162372
403	16.2667	49.3667	349.89	191.83	1.823958713
410	16.3497	49.4211	183.85	173.04	1.062471105
424	16.2815	49.4112	192	113.23	1.695663693
428	16.232	49.403	179.84	102.22	1.759342594
430	15.5	47	207.41	122.9	1.687632221
470	-87.735	40.8313	150.91	171.5	0.879941691
476	-87.735	40.8313	129.95	145.37	0.893925844
4779	-4.9	50.4	226.57	129.22	1.753366352
4807	-4.9	50.4	362.95	365.9	0.991937688
4826	-4.9	50.4	237.86	227.19	1.046965095
484	-87.735	40.8313	106.15	108.83	0.975374437
4840	-4.9	50.4	706.85	437.62	1.615214113
4857	-4.9	50.3	712.34	713.73	0.998052485
4884	-4.9	50.3	325.89	184.74	1.764046768
4900	-4.8	50.3	237.86	226.7	1.049228055
4939	-4.7	50.4	1050.55	1048.78	1.001687675
4958	-4.5	50.5	255.69	250.78	1.019578914
5023	0.5	51.3	181.38	174.83	1.037464966
504	-87.735	40.8313	92.35	79.24	1.165446744
506	-87.735	40.8313	633.61	633.52	1.000142063
5104	0.5	51.3	220.33	125.42	1.756737362
5151	-1.7	52.2	255.1	245.24	1.040205513
5165	0.4	51.3	153.4	152.76	1.004189578
5210	0.3	51.2	372.43	363.99	1.02318745
5236	0.4	51.2	207.77	209.55	0.991505607
5249	0.3	51.2	694.59	691.06	1.005108095
5253	0.6	51.1	234.36	220.92	1.060836502
5276	1.1	51.3	134.12	123.65	1.084674484
5279	1.1	51.3	735.22	729.03	1.008490734
531	-87.735	40.8313	86.52	90.13	0.959946744
5349	0.4	51.1	355.33	333.09	1.066768741
5353	-3	54.5	455.77	424.75	1.073031195
5395	-3	54.4	718.99	709.96	1.012719026
544	-73.2089	40.9076	1429.28	1450.27	0.985526833
546	-73.2089	40.9076	861.2	874.44	0.984858881
5486	-3.3	54.6	225.31	121.45	1.855166735
5577	-3.4	54.7	351	322.11	1.089689858
5644	-2.9	54.4	322.8	285.81	1.129421644
5651	-2.9	54.4	712.81	701.27	1.016455859
5717	-3.2	54.6	788.2	799.67	0.985656583
5718	-3.4	57	930.37	927.86	1.002705149
5720	-1.6	53.3	181.8	91.95	1.977161501
5726	1.1	51.3	229.48	218.81	1.048763768
5741	-4.1	56.6	233.37	124.92	1.86815562
5748	-4.4	56	178.41	90.6	1.969205298
5757	-2.3	54.6	260.38	136.29	1.910484995
5768	-1.5	54.1	269.29	156.67	1.718835769
5772	-2.3	54.1	338.02	324.11	1.042917528
5776	-1.3	52.9	927.01	910.28	1.01837896
5779	-3.1	51	223.5	212.78	1.050380675
5784	-5.2	56.4	206.03	106.61	1.932557921
5798	-3.3	53.1	504.8	506.35	0.996938876
5800	-5.5	57.4	315.77	302.23	1.044800318
5811	-3.1	52.9	268.78	251.71	1.067816138
5822	-5.98333	56.7333	257.23	132.21	1.945616822
5836	13.51	55.86	1169.81	680.49	1.719070082
5837	16.2326	49.4013	324.79	185.83	1.747780229
5860	18.0165	62.6814	1216.22	1236.78	0.983376187
5865	14.1231006	55.7565106	4008.4	2414.16	1.660370481
5874	16.2815	49.4112	236.19	227.5	1.038197802
5890	16.2815	49.4112	202.53	117.14	1.728956804
5893	16.2815	49.4112	401.04	235.03	1.706335361
5907	16.2815	49.4112	249.74	142.8	1.748879552
5921	16.2815	49.4112	243.4	133.73	1.820085246
5950	16.2815	49.4112	390.56	219.96	1.775595563
5984	16.2815	49.4112	223.68	129.61	1.725792763
5993	16.2815	49.4112	134.08	130.33	1.028773114
6008	16.2	49.1	334.34	204.33	1.636274654
6010	18.177	62.877	1474.58	816.16	1.806729073
6011	18.1749827	62.8759855	5245.91	3184.35	1.647403709
6022	14.29	56.06	6198.45	3536.24	1.752836346
6042	13.8561835	56.0964877	688.11	409.2	1.68159824
6077	13.4504	55.6942	405.14	206.51	1.961842042
6087	16.1284	56.4666	1972.41	1810.03	1.08971122
6091	13.215	55.6525	3615.12	2153.09	1.679038034
6094	13.2264	55.6481	898.35	585.28	1.53490637
6095	13.2161	55.6486	3585.06	2132.22	1.681374342
6096	13.2225	55.6472	1240.26	799.25	1.551779794
6101	13.2	55.6	2730.78	1691.43	1.614480055
6105	13.1211	55.7967	366.8	382.06	0.96005863
6109	13.1104309	55.7928025	519.47	331.14	1.568732258
6115	13.1745511	55.7138306	684.4	439.53	1.55711783
6118	13.2954193	55.8350143	895.09	475.03	1.884280993
6119	13.2	55.7	894.09	906.78	0.986005426
6122	13.2995709	55.8362185	593.4	356.17	1.666058343
6123	13.3033	55.8369	961.73	555.07	1.732628317
6124	13.3002261	55.8379372	1809.11	1045.08	1.731073219
6134	13.5519	55.9336	780.19	444.19	1.756433058
6141	13.5542	55.9414	1312.18	835.31	1.570889849
6149	13.2244	55.6528	568.2	333.62	1.703135304
6153	17.7422	62.6425	266.21	261.59	1.017661226
6191	14.1328223	55.758856	539.75	283.69	1.902604956
6192	14.1328223	55.758856	636.13	385.17	1.651556456
6203	18.1749827	62.8759855	619.09	400.32	1.54648781
6214	18.3281	63.0175	920.91	545.53	1.688101479
6221	18.2763	62.9513	886.36	524.96	1.688433404
6235	18.339997	62.956806	1111.36	649.65	1.710705765
6237	18.339997	62.956806	330.44	181.2	1.823620309
6252	14.3336	55.5796	1490.51	1408.55	1.058187498
628	-72.9069	40.7777	1210.15	687.82	1.759399261
6296	16.6314	49.2771	211.77	202.99	1.043253362
630	-72.9069	40.7777	278.24	150.88	1.844114528
6390	16.6314	49.2771	171.84	93.83	1.831397208
6396	16.6314	49.2771	252.01	138.4	1.820881503
6413	18.1749827	62.8759855	423.59	509.72	0.831024876
6424	16.2544	49.3853	255.98	144.24	1.774681087
6434	16.2544	49.3853	216.28	124.69	1.734541663
6445	16.2544	49.3853	190.16	108.34	1.755215064
6680	6.4333	51.85	562.4	554.49	1.014265361
6739	-73.4675	40.8585	705.24	691.61	1.019707639
6740	-73.4675	40.8585	789.27	797.53	0.989643023
6744	-73.4675	40.8585	134.64	131.21	1.0261413
6749	-76.5072	42.4489	736.36	725.5	1.014968987
6750	-76.5072	42.4489	731.97	750.87	0.974829198
680	-72.8615	40.9447	879.96	896.23	0.981846178
6805	-71.0627	42.373	608.13	608.63	0.999178483
6806	-71.0627	42.373	687.94	682.65	1.007749213
681	-72.8615	40.9447	408.76	418.84	0.975933531
6814	-86.621	41.2816	426.61	426.31	1.000703713
6830	73.1	49.5	1016.02	643.95	1.577793307
685	-73.1493	40.9064	900.36	912.77	0.986404023
687	-73.1493	40.9064	318.42	324.88	0.980115735
6897	1.3	45	142.78	149.27	0.956521739
6898	4.4	51.2167	175.55	97.41	1.802176368
6903	16.2326	49.4013	459.69	259.56	1.771035599
6904	16.6166	49.2	2746.44	1590.86	1.726386986
6907	-0.6383	51.4083	432.36	433.2	0.998060942
6908	-0.6383	51.4083	654.62	388.09	1.686773687
6909	-92.3	38.3	726.92	772.26	0.941289203
6911	-23.6167	15.1111	606.8	361.92	1.676613616
6915	6.3	50.3	432.84	230.83	1.875146211
6919	8	50.3	247.35	259.47	0.953289398
6920	9.9355	51.5338	729.77	789.82	0.923970018
6922	8	50.3	195.5	205.21	0.952682618
6923	-0.6383	51.4083	484.48	501.92	0.965253427
6924	-0.6383	51.4083	142.47	86.44	1.64819528
6926	-85.37	44.46	287.61	291.48	0.986722931
6927	-86.621	41.2816	505.16	528.49	0.955855362
6929	68.49	38.48	207.04	116.63	1.775186487
6931	73.1	49.5	260.14	157.03	1.656626122
6932	10.8719	47.984	371.44	225.76	1.64528703
6933	2.49	41.59	1262.59	1388.27	0.90947006
6938	37.6322	55.7522	473.33	264.74	1.787905114
6940	8.3	50.3	206.04	122.81	1.677713541
6943	-0.6383	51.4083	927.55	954.15	0.972121784
6944	-0.6383	51.4083	767.78	479.17	1.602312332
6945	4.45	52.24	491.07	279.25	1.758531782
6951	16.36	49.42	239.94	143.48	1.672288821
6956	16.36	49.42	676.33	384.5	1.758985696
6957	16.36	49.42	262.28	158.76	1.652053414
6958	3.3	46	612.3	617.54	0.99151472
6959	-1.41	48.5	521.89	568.51	0.917996165
6960	-1.41	48.5	347.79	351.64	0.989051302
6961	-3.53333	38.3333	713.08	696.67	1.023554911
6963	68.48	38.35	173.42	97.18	1.784523565
6966	-0.6383	51.4083	283.43	171.12	1.656323048
6967	-0.6383	51.4083	415.71	231.9	1.792626132
6969	23.5	60	578.13	342.33	1.688809044
6970	2.93056	41.7194	202.25	192.5	1.050649351
6971	2.93056	41.7194	467.02	459.93	1.015415389
6974	17.898516	62.7920572	1001.83	602.58	1.662567626
6975	14.45	48.3	264.25	159.59	1.655805502
6976	14.45	48.3	683.88	710.29	0.962818004
6979	8.26	47.25	647.32	651.17	0.994087565
6981	30	52.3	201.24	116.77	1.723387856
6982	9.3	52.3	121.94	68.16	1.789025822
6984	16.2544	49.3853	409.12	228.67	1.789128438
6986	-2.2207	57.1539	563.12	561.87	1.002224714
6987	7.62551	48.0683	131.65	81.37	1.617918152
6989	-2.4333	54.8	275.19	154.69	1.778977309
6990	5.73	53.448	471.76	462.28	1.020507052
6992	5.3	50.3	218.86	228.5	0.957811816
6997	5.5833	51.8333	291.17	166.88	1.744786673
7000	9.57073	50.9167	360.02	359.81	1.000583641
7002	6.1	51.3333	1777.28	1771.9	1.003036289
7003	7.5	47.5	215.62	122.69	1.757437444
7008	5.675	52	182.68	167	1.093892216
7013	13.287	52.4584	104.6	63.26	1.653493519
7014	-4.79821	56.5459	1499.22	1452.47	1.032186551
7025	11.3396	44.5041	184.79	113.47	1.628536177
7026	-3.2667	54.4	376.33	226.27	1.663189994
7028	9.3166	49.5166	371.55	363.29	1.022736657
7031	8.6667	50.0167	198.25	231.14	0.857705287
7033	-122.755	41.3599	257.32	266.72	0.964757049
7036	9.5	50.5	701.3	387.14	1.811489384
7061	-1.64293	53.2699	538.98	289.2	1.863692946
7062	8.26607	50.2981	703.96	687.7	1.023644031
7064	1.1	51.3	232.2	238.14	0.975056689
7068	12.1	42	246.68	241.63	1.020899723
7071	1.33867	48.0717	253.66	261.47	0.970130416
7072	34.7361	53.7502	189.91	107.07	1.773699449
7077	-8.25	40.12	157.87	166.74	0.946803407
7081	-8.42639	40.2077	485.85	494.44	0.98262681
7092	2.823	49.416	259.02	150.7	1.718779031
7094	8.65081	49.8724	191.52	172.88	1.107820453
7096	5.04278	47.3239	134.06	77.34	1.733385053
7102	8.2372	50.7224	2086.11	1967.77	1.060139142
7103	16.2667	49.4167	186.31	109.06	1.708325692
7106	13.7336	51.051	203.49	208.15	0.977612299
7107	-1.5733	54.7761	161.06	159.49	1.009843877
7109	0.5	51.3	264.89	265.45	0.997890375
7117	9.68253	51.5105	550.8	558.27	0.986619378
7119	8.5	50	236.73	136.56	1.733523726
7120	8.5	50	278.34	162.54	1.712440015
7125	11.0087	49.5955	678.75	359.87	1.886097758
7126	24.5682	60.1997	297.41	319.42	0.931093858
7127	24.9871	58.6656	197.14	210.93	0.934622861
7130	2.56481	44.6447	753.35	758.38	0.993367441
7133	8.6822	50.1102	200.17	195.3	1.024935996
7138	8.0167	50.5	351.27	350.11	1.003313244
7143	5.86667	51.0167	357.59	368.94	0.96923619
7147	8.67825	50.584	253.82	239.2	1.061120401
7158	15.5	47	149.71	144.43	1.036557502
7160	-85.2532	43.178	160.23	160.48	0.998442173
7161	10.5	53.5	254.87	155.27	1.641463258
7162	9.44	52.24	130.3	77.34	1.684768554
7163	9.73569	52.3721	214.15	225.82	0.948321672
7164	12.5686	55.675	128.6	77.55	1.658284977
7165	8.28844	51.3472	169.56	171.29	0.989900169
7169	9.88682	54.4175	238.79	128.45	1.859011288
7177	15	49	203.6	115.94	1.756080731
7181	11.587	50.927	187.64	198.38	0.945861478
7183	77	35	656.27	672.1	0.976446957
7192	-5.66364	55.6395	161.52	86.66	1.86383568
7199	6.9666	50.95	536.07	529.16	1.013058432
7202	8.50861	50.1797	454.83	468.97	0.969848818
7203	11.5722	49.631	652.44	379.1	1.721023477
7207	135.752	35.0085	273.66	158.23	1.729507679
7208	-3.78181	55.6739	1778.66	1212.1	1.46742018
7209	15.2333	52.7333	468.7	274.35	1.708401677
7217	0.5	48	178.46	105.92	1.684856495
7218	4.49015	52.1611	174.76	106.03	1.64821277
7223	8.0666	50.3833	157.78	99.07	1.592611285
7231	8.0666	50.3833	155.48	151.32	1.027491409
7244	8.26664	50.001	151.25	86.94	1.739705544
7248	-70.6652	41.3923	214.8	213.17	1.007646479
7250	10.1138	51.9183	287.7	174.89	1.645034021
7255	20.5	50.95	147.35	149.13	0.988064105
7258	8.5	50.5	286.66	275.49	1.040545936
7268	10.981	52.6969	162.35	93.9	1.728966986
7276	8.5833	50.2	211	261.83	0.805866402
728	-73.114	40.9352	260.19	263.28	0.988263446
7280	8.2	53.1667	1178.98	665.02	1.772848937
7282	8.01161	50.3827	334.8	200.32	1.671325879
7287	8.42255	53.3422	1551.72	1557.71	0.996154612
7296	29	59	218.24	215.35	1.013420014
7298	10.51	47.04	208.81	124.22	1.680969248
7305	10.6065	53.476	156.22	152.6	1.023722149
7306	-123.206	49.2655	170.18	180.48	0.942929965
7307	-2.96591	48.0653	247.53	205.66	1.203588447
7314	-3.41697	54.3512	512.13	285.71	1.792481887
7316	5.56667	51.9667	150	140.69	1.066173857
7319	12.1	42	163.77	168.56	0.971582819
7320	1.09849	49.4424	125.83	126.68	0.99329018
7323	38.28	49	324.74	191.03	1.699942417
7327	3.03333	41.7833	429.88	436.96	0.983797144
7332	-122.2	47	215.69	213.51	1.010210295
7333	11.5614	46.5438	215.22	115.16	1.868878083
7337	8.02341	50.8738	152.09	154.82	0.982366619
7342	-3.00733	53.6473	761.54	415.59	1.832431002
7343	13.181	52.5339	226.46	229.98	0.984694321
7344	9.5	47.6667	118.45	105.14	1.126593114
7346	11.8558	52.6058	206.35	126.91	1.625955401
7347	36	52	264.94	156.54	1.692474767
7349	14.5	49.5	156.18	160.93	0.970484061
7350	-122.459	47.2413	294.16	296.28	0.992844606
7353	4.3	52.08	217.83	116.36	1.872035064
7354	14.9	56.5	211.17	210.83	1.001612674
7356	-83.5553	41.6639	167.67	165.84	1.011034732
7358	-83.5553	41.6639	693.68	681.02	1.018589762
7359	-83.5553	41.6639	526.57	514.72	1.023022226
7372	9.9042	47.0748	595.83	601.79	0.990096213
7377	-85.2563	43.2708	148.21	150.16	0.987013852
7378	7.7667	48.0333	204.02	208.1	0.980394041
7382	5.1145	52.0918	97.77	88.35	1.106621392
7383	-123.206	49.2655	580.98	573.17	1.013625975
7384	5.55	52.0333	211.55	109	1.940825688
7387	-2.3671	54.9902	270.76	272.92	0.992085593
7394	21	52.3	160.79	160.92	0.999192145
7404	10.0667	52.6	210.24	222.63	0.944347123
7411	10.8134	47.9299	218.68	225.56	0.969498138
7416	-119.35	37.45	489.9	480.74	1.019053958
7418	8.55	47.3667	143.85	135.86	1.05881054
7419	8.32213	50.3058	581.35	330.23	1.760439694
742	-73.114	40.9352	157.68	161.22	0.978042426
7424	16.6166	49.2	137.94	84.31	1.636104851
7430	6.25	48.6167	133.09	79.02	1.68425715
7461	15	49	304.57	314.69	0.967841368
7475	-72.677	41.767	877.8	862.73	1.017467806
7477	-71.2825	41.7302	155.35	91	1.707142857
7514	-86.4251	41.5609	542.93	308.93	1.757453145
7515	-86.4251	41.5609	144.1	149.56	0.963492913
7520	16.81	49.38	295.21	305.61	0.9659697
7521	16.81	49.38	723.67	743.28	0.973616941
7523	-86.3253	42.0945	203.93	196.77	1.036387661
7525	-86.511	42.036	528.57	320.37	1.649873584
7529	-86.5128	42.0333	692.52	423.02	1.637085717
7530	-86.5128	42.0333	828.71	491.2	1.687113192
7566	-86.359	42.093	633.83	639.85	0.990591545
7568	-86.359	42.093	755.34	773.5	0.976522301
763	74.3667	42.3	702.54	412.34	1.703788136
765	73.4	42.1833	147.42	86.61	1.70211292
766	73.6333	42.5833	269.31	168.27	1.600463541
768	76.35	42.8	162.19	98.63	1.644428673
7717	-86.625	41.273	140.03	139.03	1.007192692
772	72.4667	37.35	239.03	138.44	1.726596359
7757	-86.625	41.273	707.96	699.69	1.01181952
7767	-86.625	41.273	658.95	678.36	0.971386874
7917	-86.3253	42.0945	199.52	191.61	1.04128177
7947	-86.3253	42.0945	315.53	178.23	1.770352915
801	-84.4639	37.9169	268.12	263.58	1.017224372
8037	-86.7368	41.3423	869.14	871.41	0.997395026
8057	-86.7368	41.3423	706.9	721.37	0.979940946
8077	-86.7368	41.3423	118.17	112.89	1.046771193
8132	-86.511	42.036	212.76	207.53	1.025201176
8171	-86.511	42.036	741.81	444.64	1.668338431
8214	2	49	142.16	137.95	1.030518304
8227	13.85	55.95	526.91	469.3	1.122757298
8233	-87.1923	41.1876	338.23	349.38	0.968086324
8234	15.8127	56.4606	1212.97	1311.13	0.925133282
8235	17.1	48.8	355.99	210.79	1.688837231
8236	15.76	49.33	280.35	162.24	1.727995562
8237	12.9040338	56.4487477	645.29	365.56	1.765209542
8238	0.4	51.15	562.23	577.12	0.974199473
8239	7	51	97.9	102.65	0.953726254
8243	11.2547	43.7703	364.08	416.02	0.875150233
8244	2.3086	48.6103	591.74	619.31	0.955482715
8246	-79.18	35	459.43	476.63	0.963913308
8264	2.8	41.6833	385.88	381.11	1.012516071
8284	16.2815	49.4112	243.45	144.45	1.685358255
8285	16.2815	49.4112	383.8	221.45	1.733122601
8290	8.5	50	323.08	196.19	1.646770987
8297	6.08	46.5	489.39	296.62	1.649888747
8307	18	59	476.05	412.72	1.153445435
8311	11.5	47.5	65.56	79.73	0.822275179
8312	7.5	50.5	176.72	174.38	1.01341897
8326	14.2786489	56.0617671	607.04	670.24	0.905705419
8337	12.37	44	176.64	106.06	1.665472374
8343	1.5	47.5	191.91	196.85	0.97490475
8351	18.336	62.8622	964.27	958.86	1.005642117
8354	56.3167	58	241.01	245.55	0.981510894
8357	2.25	41.5	2281.26	2253.89	1.01214345
8365	16	49	430.58	261.23	1.648279294
8366	8.5	50.5	392.35	222.8	1.760996409
8376	18	62.69	1059.6	769.36	1.377248622
8386	18.381	62.8698	1100.28	690.34	1.593823333
8419	25.3167	54.6833	464.38	285.75	1.625126859
8420	8.5333	50.0667	196.86	113.18	1.739353243
8424	77	35	843.64	881.52	0.957028768
8426	18.1512	57.3089	640.68	422.55	1.516222932
8427	13.9707	56.0648	431.99	422.72	1.02192941
8464	-86.8513	41.6862	833.84	853.45	0.977022673
8483	-86.8513	41.6862	836.97	836.98	0.999988052
853	-86.6691	41.7976	885.73	910.41	0.972891335
854	-86.6691	41.7976	873.48	885.42	0.986514874
867	-86.4366	41.8266	500.49	516.58	0.96885284
868	-86.4366	41.8266	397.41	396.17	1.003129969
8699	-86.3253	42.0945	134.92	143.38	0.940995955
870	-86.4366	41.8266	537.01	298.66	1.798064689
8723	-86.3253	42.0945	126.23	134.86	0.936007712
88	0.683333	47.4	152.2	83.54	1.821881733
9027	-86.511	42.036	480.92	496.21	0.969186433
9058	16.3675	57.2608	2075.49	2233.06	0.929437633
9067	48.7992	38.6536	359.4	340.92	1.054206265
9069	48.7992	38.6536	573.77	526.07	1.090672344
9070	48.7992	38.6536	350.59	332.75	1.053613824
9075	48.6131	38.7406	320.99	304.77	1.053220461
9078	48.6131	38.7406	540.1	517.25	1.04417593
9079	48.5517	38.7833	164.37	154.27	1.065469631
9081	48.5517	38.7833	302.51	284.36	1.063827543
9084	48.5517	38.7833	278.65	268.34	1.038421406
9085	48.5517	38.7833	267.98	262.38	1.02134309
9089	48.925	38.9522	350.66	334.68	1.047747102
9091	48.925	38.9522	182.3	177.56	1.026695202
9095	48.5594	38.9786	431.74	266.59	1.619490604
9099	48.5594	38.9786	303.3	296.24	1.023832028
9100	46.2831	41.8296	579.11	348.68	1.660863829
9102	46.2831	41.8296	460.22	269.83	1.70559241
9103	46.2831	41.8296	586.33	551.89	1.06240374
9104	46.2831	41.8296	535.55	325.6	1.644809582
9105	46.2831	41.8296	265.98	166.55	1.596997899
9106	46.2831	41.8296	388.17	365.18	1.062955255
9111	46.2831	41.8296	1316.84	1260.3	1.044862334
9113	46.2831	41.8296	319.17	185.49	1.720685751
9114	46.2831	41.8296	367.53	218.04	1.685608145
9115	46.2831	41.8296	252.21	150.89	1.671482537
9121	43.4767	41.7942	248.5	232.04	1.070936046
9125	44.8203	40.1408	497.08	276.13	1.800166588
9128	45.3622	39.8692	411.43	214.3	1.919878675
9130	45.3622	39.8692	556.48	285.59	1.94852761
9131	45.3622	39.8692	645.69	329.78	1.957941658
9133	45.3622	39.8692	504.1	287.74	1.751928825
9134	45.3622	39.8692	438.9	248.58	1.765628771
915	-71.4378	41.8972	208.67	120.91	1.725829129
9298	-3.21833	55.9681	134.95	130.24	1.036164005
9312	-5.1525	57.9	234.99	216.68	1.084502492
9314	-3.96722	57.9672	306.07	284.5	1.075817223
932	-71.1445	42.3634	276.8	263.83	1.049160444
9332	13.3742	55.7488	350.17	234.33	1.494345581
9336	14.2091	55.8106	2474.1	2633.2	0.939579219
9339	14.2091	55.8106	910.28	1010.35	0.900955115
9343	18.1896	62.806	1377.22	733.05	1.878753155
9353	18.1896	62.806	1025.53	1105.19	0.927921896
9363	15.8979	57.3263	211.74	148.25	1.428263069
9369	15.8979	57.3263	307.74	334.65	0.919587629
9370	14.9986	57.6781	567.85	579.62	0.979693592
9380	13.9905	55.4234	2183.68	1225.73	1.781534269
9381	14.2091	55.8106	649.02	357.02	1.817881351
9383	13.399	55.7491	759.26	471.83	1.609181273
9392	16.1494	57.2746	1580.75	926.97	1.705287118
9413	14.3398	55.5678	1629.38	1739.61	0.936635223
9436	18.5162	57.8009	1372.65	815.87	1.682437153
9503	-3.21072	55.8877	392.28	382.66	1.025139811
9506	-7.47	40.11	505.47	506.2	0.998557882
9507	-7.5	38.45	244.63	239.2	1.022700669
9508	-7.11	40.04	371.08	359.79	1.031379416
9509	-7.4	39.29	257.72	237.78	1.083859029
9510	-7.59	38.75	372.29	224.33	1.659564035
9511	-8.02	38.53	401.95	248.7	1.616204262
9512	-7.84	38.22	430.36	437.66	0.983320386
9513	-4.07	38.77	477.63	294.38	1.622494735
9514	-4.54	39.15	422.48	249.82	1.691137619
9515	-6.89	39.72	314.85	185.65	1.695933208
9517	-7.8	42.19	327.45	324.02	1.010585766
9518	-0.36	39.88	490.52	473.76	1.035376562
9519	2.64	41.94	339.53	199.21	1.70438231
9520	-3.68	41.7	490.8	475.37	1.032458927
9521	2.13	41.43	440.7	431.24	1.021936741
9522	-5.27	36.52	337.98	323.85	1.043631311
9523	-2.66	38.37	393.18	241.82	1.625920106
9524	-0.56	42.52	407.55	398.01	1.023969247
9525	0.54	42.49	339.77	319.15	1.064609118
9526	2.39	41.54	336.05	322.31	1.042629766
9527	-5.74	40.37	354.44	227.85	1.555584815
9528	-1.37	40.94	297	295.06	1.006574934
9529	-3.36	36.97	326.47	197.01	1.657124004
9530	-4.32	38.25	391.22	221.56	1.765751941
9531	-4.54	41.21	238.94	235.52	1.01452106
9532	-4.64	42.23	441.29	439.87	1.003228227
9533	-4.32	41.15	365.29	208.94	1.748300948
9534	-4.65	40.05	502.3	288.54	1.74083316
9535	3.19	42.31	390.51	373.39	1.045850183
9536	-2	40.83	351.43	219.55	1.600683216
9537	-6.66	38.07	353.74	353	1.002096317
9539	-6.67	40.29	345.96	202.3	1.710133465
9540	2.34	41.81	329.89	316.39	1.042668858
9541	-5.42	38.26	281.48	278.72	1.009902411
9542	-4.05	40.79	353.1	350.86	1.006384313
9543	-5.39	36.77	395.44	240	1.647666667
9544	-5.33	39.4	293.34	189.37	1.549030998
9545	-5.78	39.4	335.9	202.37	1.659831003
9546	-1.68	40.82	342.81	323.01	1.061298412
9547	2.62	41.67	378.19	368.73	1.025655629
9548	-5	40.4	511.17	517.69	0.98740559
9549	-3.69	42.23	453.9	248.65	1.82545747
9550	-5.37	43.05	455.11	460.42	0.988467052
9551	-5.92	42.28	375.46	371.72	1.010061336
9552	-4.5	40.87	290.53	290.6	0.999759119
9553	-4.71	41.58	285.54	278.14	1.026605307
9554	-3.16	38.86	492.82	284.85	1.730103563
9555	-3.93	39.58	346.46	344.04	1.007034066
9556	-4.34	39.66	367.23	366.98	1.000681236
9557	0.7	42.46	354.78	348.18	1.018955713
9558	-5.64	41.57	409.31	234.53	1.745235151
9559	-4.38	38.06	510.97	484.98	1.053589839
9560	-6.24	38.19	360	228.5	1.575492341
9561	-5.04	40.71	260.16	160.04	1.625593602
9562	2	41.67	349.5	333.2	1.048919568
9564	-1.6	40.45	348.49	335.04	1.04014446
9565	-1.23	42.97	342.58	192.39	1.78065388
9567	1.3	42.34	395.07	398.13	0.992314068
9568	-0.23	42.76	305.23	293.83	1.038797944
9569	-6.45	42.87	439.74	426.14	1.031914394
9571	-6.01	43.28	392.06	227.11	1.726300031
9573	2.99	41.86	400.76	398.63	1.005343301
9574	-2.7	38.6	432.01	434.31	0.994704244
9576	-4.11	40.86	464.8	256.7	1.810673938
9577	2.17	42.34	438.79	415.7	1.055544864
9578	-6.7	42.13	398.74	223.21	1.786389499
9579	-3.51	38.33	299.11	173.15	1.727461738
9581	-5.12	42.84	435.91	414.21	1.052388885
9582	-1.63	41.48	417.55	288.15	1.449071664
9583	-3.38	37.09	473.9	473.34	1.001183082
9584	-3.58	41.19	320.54	305.85	1.04803008
9585	-7.39	43.4	435	442.26	0.983584317
9586	-3.27	41.03	337.4	340.08	0.992119501
9587	-1.88	41.5	317.68	313.74	1.012558169
9588	0.6	42.11	432.67	427.81	1.011360183
9589	-2.83	41.6	282.9	266.95	1.059749017
9590	-5.49	43.37	346.73	350.58	0.989018198
9591	-3.59	42.86	352.34	352.5	0.999546099
9592	-5.44	42.1	553.05	528.19	1.047066397
9593	-2.99	42.26	561.89	561.81	1.000142397
9594	1.01	42.04	382.54	393.85	0.971283484
9595	-5.5	40.89	396.37	233.48	1.69766147
9596	-7.45	41.95	217.33	137.39	1.581847296
9597	-2.53	42.31	472.82	457.28	1.033983555
9598	-6.51	41.88	396.92	236.56	1.67788299
9599	-5.77	42.8	328.96	197.67	1.664187788
9600	-6.04	39.85	481.82	290.31	1.659674141
9601	-1.88	41.85	413.47	467.75	0.883955104
9602	-3.96	40.5	420.39	243.5	1.726447639
9606	-7.45	31.48	223.9	219.63	1.019441788
9607	52.15	53.05	171.75	109.94	1.562215754
9608	59.44	51.37	212.78	117.6	1.809353741
9609	59.98	51.41	207.94	119.36	1.742124665
9610	51.96	53.04	235.96	134	1.760895522
9611	51.9	53.04	320.8	172.04	1.864682632
9612	51.94	53.04	292.82	157.14	1.863433881
9613	61.41	55.36	143.59	82.35	1.743655131
9615	52.16	52.99	288.8	162.6	1.776137761
9616	51.96	53.06	219.83	114.65	1.917400785
9617	59.44	51.37	203.46	111.26	1.828689556
9619	79.48	51.84	217.78	114.34	1.904670282
9620	79.48	51.82	188.52	106.94	1.762857677
9621	79.46	51.84	284.24	156.78	1.81298635
9622	85.27	52.52	114.41	62.42	1.83290612
9624	79.37	53.6	221.32	119.53	1.851585376
9625	82.59	51.31	216.67	126.39	1.714297017
9626	82.59	51.36	330.72	190.9	1.732425354
9627	82.55	51.32	131.53	71.61	1.836754643
9628	82.54	51.33	203.9	119.29	1.709279906
9629	82.18	51.35	190.2	97.74	1.945979128
9630	82.16	51.34	229.43	139.69	1.642422507
9631	80.79	51.65	291.89	166.53	1.752777277
9632	80.82	51.67	202.85	109.3	1.855901189
9633	80.83	51.63	221.31	114.5	1.932838428
9634	81.31	54.13	252.58	142.89	1.76765344
9635	80.6	51.87	242.41	133.47	1.816213381
9636	80.82	51.75	404.08	239.45	1.687533932
9637	80.85	51.77	202.18	116.16	1.740530303
9638	80.86	51.73	189.29	105.82	1.788792289
9639	80.31	53.82	244.34	137.07	1.782592836
9640	80.06	51.87	183.4	103.37	1.774209152
9641	80.06	51.9	316.15	178.01	1.776023819
9642	80.06	51.84	192.43	111.54	1.725210687
9643	79.31	52.1	241.88	124.4	1.94437299
9644	18.72	45.07	238.72	137.16	1.740449111
9645	18.7	45.17	208.33	107.06	1.945918177
9646	16.170188	39.126899	238.12	230.94	1.031090326
9647	16.77	40.37	231.75	210.23	1.102364077
9648	16.28	39.48	132.73	129.74	1.023046092
9649	16.17	39.13	186.98	178.63	1.046744668
9651	14.87	40.68	232.07	216.2	1.073404255
9653	16.13	38.44	174.56	173.28	1.007386888
9655	16.47	38.92	136.52	126.97	1.075214618
9656	17.31	40.64	321.59	185.86	1.730280857
9657	16.04	38.45	153.42	148.8	1.031048387
9658	16.34	38.97	183.51	177.47	1.034033921
9659	14.18	41.18	219.86	205.55	1.069618098
9660	14.57	40.84	210.96	196.94	1.071189195
9661	16.21	39.58	228.01	230.53	0.989068668
9663	14.09	41.33	195.62	191.74	1.020235736
9664	11.2832	46.366	184.67	104.67	1.764306869
9665	11.2832	46.366	136.65	78.99	1.729965818
9666	11.2832	46.366	238.74	133.81	1.784171587
9667	11.2832	46.366	226.15	125.59	1.800700693
9668	11.2837	46.3668	204.67	111.82	1.830352352
9669	11.2837	46.3668	185.84	185.59	1.001347055
9670	11.2837	46.3668	227.2	123.12	1.845354126
9671	11.2837	46.3668	170.3	96.38	1.7669641
9672	11.2837	46.3668	173.55	101.79	1.704980843
9673	11.2837	46.3668	460.96	262.89	1.753432995
9676	11.2866	46.3718	183.85	101.96	1.803158101
9677	11.2866	46.3718	164.86	89.8	1.835857461
9678	11.2866	46.3718	167.56	91.38	1.833661633
9679	11.2928	46.3378	152.76	83.67	1.825743994
9680	11.2928	46.3378	134.35	76.88	1.747528616
9681	11.2928	46.3378	192.53	108.61	1.772672866
9682	11.2928	46.3378	124.36	68.95	1.803625816
9683	11.2928	46.3378	179.56	95.39	1.882377608
9684	11.2928	46.3378	199.84	111.82	1.787157932
9685	11.2928	46.3378	200	112.48	1.778093883
9686	11.2928	46.3378	173.15	95.53	1.812519627
9687	11.2928	46.3378	156.77	89.82	1.745379648
9689	11.2928	46.3378	267	150.62	1.772672952
9690	11.2928	46.3378	302.72	169.02	1.791030647
9691	11.2928	46.3378	159.74	94.9	1.683245522
9692	11.2928	46.3378	234.15	133.34	1.756037198
9693	11.2928	46.3378	178.57	99.93	1.786950866
9694	11.2928	46.3378	260.14	150.45	1.729079428
9695	11.2928	46.3378	208.24	117.88	1.766542246
9696	11.2928	46.3378	231.9	129.75	1.787283237
9697	23.94	41.62	507.36	282.81	1.793995969
9698	23.85	41.57	289.62	158.66	1.825412832
9699	23.14	41.37	162.15	93.35	1.737011248
9700	23.1	42.32	318.22	183.06	1.738337157
9701	25.91	43.7	220.3	126.9	1.736012608
9703	23.39	41.53	402.9	227.87	1.768113398
9704	23.39	41.53	132.77	76.44	1.736917844
9705	23.33	41.5	459.69	256.14	1.794682595
9706	24.18	41.64	180	103.48	1.739466564
9707	24.84	41.57	398.29	383.79	1.037781078
9708	25.35	41.62	406.96	388.93	1.046357956
9709	23.13	41.85	338.18	194.12	1.742118277
9710	23.13	41.85	185.43	104.74	1.770383808
9711	23.1	42.32	284.29	177.62	1.60055174
9712	23.1	42.32	183.29	103.24	1.775377761
9713	25.61	42.49	173.99	95.71	1.817887368
9714	25.75	41.84	264.96	141.52	1.872244206
9716	24.98	41.54	220.77	219.65	1.005099021
9717	25.47	41.66	403.64	390.4	1.033913934
9718	24.75	41.55	223.58	216.65	1.031987076
9719	25.69	41.83	213.83	212.73	1.005170874
9720	25.68	41.77	393.42	222	1.772162162
9721	25.33	42.72	180.38	102.34	1.762556185
9722	24.41	41.71	237.44	132.63	1.790243535
9723	23.67	41.42	156.98	86.75	1.809567723
9725	23.08	37.6	166.12	153.88	1.079542501
9726	22.04	37.07	151.48	147.44	1.027400977
9727	21.62	37.63	146.94	82.91	1.772283199
9728	18.9	48.46	198.34	110.31	1.798023751
9729	18.9	48.46	224.75	126.64	1.77471573
9730	18.94	48.47	168.69	98.02	1.720975311
9731	18.9	48.46	189.84	104.37	1.818913481
9732	18.96	48.47	214.06	127.23	1.682464827
9733	18.94	48.47	174.81	98.52	1.774360536
9735	18.94	48.47	197.05	115.13	1.711543473
9736	25.17	44.69	235.38	133.22	1.766851824
9737	22.62	45.95	136.16	79.82	1.705838136
9738	25.42	45.57	274.04	157.78	1.736848777
9739	22.33	46.01	287.89	256.54	1.122203165
9741	23.16	45.84	239.45	223.01	1.073718667
9743	25	45.14	219.24	124.14	1.766070565
9744	27.59	47.16	168.7	94.63	1.782732749
9745	70.05	41.45	240.06	223.84	1.072462473
9747	21.22	44.38	248.72	239.1	1.040234212
9748	21.71	44.23	183.14	168.15	1.089146595
9749	22.29	43.54	213.95	208.65	1.02540139
9754	21.37	44.66	407.46	236.79	1.720765235
9755	22.56	44.56	440.97	247.29	1.783209996
9756	21.08	44.3	188.46	104.46	1.804135554
9757	21.08	44.3	205.57	218.11	0.942506075
9758	88.4	47.75	220.23	124.91	1.763109439
9759	49.47	37.47	164.35	164.88	0.996785541
9761	35.7	33.92	548.12	313.32	1.749393591
9762	14.98	37.69	183.74	188.2	0.976301807
9764	35.84	34.1	3079.17	3145.85	0.978803821
9766	74.16	42.26	173.45	99.3	1.74672709
9768	9.16	48.57	524.65	295.17	1.777450283
9769	8.99	48.55	575.27	544.85	1.05583188
9770	9.01	48.53	438.61	428.57	1.023426745
9771	9.11	48.56	471.15	458.18	1.028307652
9772	8.85	48.41	496.32	288.44	1.720704479
9774	9.22	48.59	414.33	386.62	1.071672443
9775	8.79	48.41	655.81	368.89	1.777792838
9776	8.79	48.43	614.44	337.9	1.818407813
9777	9.17	48.57	514.03	286.54	1.79392057
9778	8.84	48.41	490.92	269.61	1.820852342
9779	8.78	48.5	437.57	244.61	1.788847553
9780	8.79	48.43	472.24	246.91	1.912599733
9781	9.11	48.52	346.17	338.85	1.021602479
9782	9.09	48.53	490.65	268.59	1.826761979
9783	9.05	48.52	417.04	356.95	1.168342905
9784	8.8	48.5	561.72	309.7	1.813755247
9785	9.02	48.54	475.83	527.34	0.902321083
9786	9.01	48.54	466.63	269.97	1.728451309
9787	9	48.5	408.31	411.8	0.991525012
9788	9.01	48.53	406.11	242.63	1.673783127
9789	8.96	48.39	912.14	518.67	1.758613377
9790	9.18	48.58	404.22	227.75	1.774840834
9791	9.2	48.6	388.82	371.64	1.046227532
9792	9.09	48.54	466.71	446.25	1.045848739
9793	9.16	48.57	269.87	263.05	1.02592663
9794	9.08	48.52	495.12	502.14	0.986019835
9795	9.11	48.5	442.14	224.66	1.968040595
9796	8.84	48.41	826.92	471.63	1.75332358
9797	9.02	48.54	398.59	390.63	1.020377339
9798	9.01	48.54	476.26	452.67	1.052113018
9799	8.85	48.39	578.89	314.31	1.841780408
9800	9.01	48.54	490.22	279.17	1.755990973
9801	9.01	48.54	301.61	173.2	1.741397229
9802	9.11	48.51	503.57	271.42	1.855316484
9803	8.76	48.42	257	143.25	1.794066318
9804	8.87	48.45	329.24	184.19	1.787502036
9805	9.09	48.54	250.18	245.97	1.017115908
9806	9.16	48.56	416.72	234.83	1.77456032
9807	9.22	48.6	447.88	247.15	1.812178839
9808	9.08	48.52	503.71	287.05	1.754781397
9809	9.05	48.52	477.53	446.4	1.069735663
9810	9.07	48.53	170.01	160.38	1.060044893
9811	9.05	48.52	162.74	95.1	1.711251314
9812	9.03	48.52	310.01	296.15	1.046800608
9813	8.77	48.4	189.72	192.05	0.987867743
9814	8.79	48.42	263.78	259.21	1.017630493
9815	9.02	48.54	279.02	272.67	1.023288224
9816	9.06	48.55	191.69	179.81	1.06606974
9817	-6.6	39.84	156.62	93.48	1.675438596
9819	-3.03	42.35	174.42	168.62	1.034396869
9820	-4.71	41	163.74	98.6	1.660649087
9821	2.49	41.81	252.26	234.42	1.076102722
9822	-4.02	40.52	210.34	122.37	1.718885348
9823	-5.84	43.34	173.76	165.33	1.050988931
9824	-4.91	42.91	167.04	112.75	1.481507761
9825	-3.88	40.4	206.32	199.38	1.034807905
9826	-6.71	42.49	188.91	101.26	1.865593522
9827	0.69	42.78	187.4	108.23	1.731497736
9828	-6.15	42.5	193.64	192	1.008541667
9830	-3.28	36.97	209.21	114.91	1.820642242
9831	-3.39	38.54	222.4	124.61	1.784768478
9832	-3.69	40.54	256.77	146.88	1.748161765
9833	-4.21	40.38	147.43	82.95	1.777335744
9834	-3.9	40.51	165.98	93.04	1.783963887
9835	-6.57	40.61	205.97	196.72	1.047021147
9836	-1.32	41.25	159.2	153.18	1.03930017
9837	-5.6	37.94	209.36	134.34	1.558433825
9838	-5.38	41.83	131.37	66.58	1.97311505
9839	-4.27	40.44	155.12	88.43	1.754155829
9840	-1.43	41.13	175.32	100.25	1.74882793
9841	-4.15	40.59	272.49	156.79	1.737929715
9843	-3.92	40.53	208.06	202.76	1.026139278
9844	0.19	42.27	171.03	159.2	1.074309045
9845	-3.96	40.48	196.2	115.8	1.694300518
9846	-3.02	42.31	229.24	222.21	1.03163674
9847	-5.7	43.31	229.17	136.1	1.683835415
9848	-5.77	40.11	259.29	243.64	1.064234116
9849	-4.11	40.65	276.85	266.52	1.038758817
9850	-0.7	42.86	214.3	116.08	1.846140593
9851	-6.1	42.96	242.99	121.46	2.000576321
9852	-3.75	40.46	154.26	88.3	1.746998867
9853	-5.91	43.33	273.86	264.2	1.03656321
9854	-5.88	43.36	268.94	263.54	1.020490248
9855	-3.89	40.57	343.94	337.91	1.017844988
9856	-4	40.51	67.63	63.16	1.070772641
9857	-3.8	40.33	92.06	52.01	1.770044222
9858	-3.8	40.98	75.79	71.77	1.056012261
9859	-3.88	40.5	109.51	57.33	1.910169196
9860	-2.62	42.24	91.68	84.25	1.088189911
9861	-3.21	40.72	91.52	91.13	1.004279601
9862	-3.67	40.45	73.29	65.16	1.124769797
9864	2.69	41.76	124.29	115.96	1.071835116
9866	-2.79	41.89	151.05	138.36	1.091717259
9867	-3.22	40.94	141.39	139.73	1.011880054
9868	2.37	41.78	213.06	206.69	1.030819101
9869	-5.28	36.76	172	116.38	1.477917168
9870	0.17	41.91	266.07	246.12	1.08105802
9871	-3.99	40.75	261.66	249.81	1.047436051
9873	-5.45	37.94	209.03	205.64	1.01648512
9874	-3	42.34	182.85	196.53	0.930392307
9875	-5.87	43.38	176.17	171.08	1.029752163
9876	0.99	41.34	224.51	215.22	1.043165133
9877	-5.6	43.02	162.67	89.95	1.808449138
9878	-3.62	40.78	222.87	214.74	1.037859737
9879	-1.12	37.6	407.17	387.86	1.049786005
9880	-3.44	42.72	202.98	194.86	1.041670943
9881	-5.32	40.46	192.58	197.17	0.976720596
9882	-4.26	40.46	125.27	70.83	1.768600875
9883	-2.56	42.1	115.44	105.47	1.09452925
9885	-3.68	41.14	180.05	171.37	1.050650639
9886	1.73	42.38	206.08	192.19	1.072272231
9887	-4.77	40.4	260.8	164.36	1.586760769
9888	-3.31	40.93	208.18	119.43	1.743113121
9890	-5.07	43.16	173.3	102.96	1.683177933
9891	2.92	41.93	800.57	759.57	1.053977909
9892	-6.96	42.68	165.6	102.8	1.610894942
9894	0.76	42.59	195.33	101.7	1.920648968
9895	2.57	41.78	289.93	273.82	1.058834271
9897	-5.63	40.95	179.36	101.3	1.770582428
9898	-3.58	41.14	220.28	200.96	1.096138535
9899	0.84	42.54	214.22	207.72	1.031292124
9900	-6.01	37.38	221.7	220.76	1.004258018
9901	-2.98	42.27	321.57	304.07	1.057552537
9902	-3.24	40.71	280.42	263.45	1.0644145
9903	-3.1	42.31	182.09	173.37	1.050297053
9904	-3.31	40.95	236.74	231.38	1.023165356
9905	-4.01	40.76	186.36	107.22	1.738108562
9906	4.25	40	282.4	271.51	1.04010902
9908	3.47	50.72	251.21	236.47	1.062333488
9909	3.3	50.59	184.94	170.88	1.082279963
991	14.0526813	55.3822641	839.87	908.46	0.924498602
9910	3.52	50.68	226.09	125.2	1.805830671
9911	4.28	47.16	576.93	534.84	1.078696433
9912	4.55	46.67	137.28	132.59	1.0353722
9914	5.33	47.58	248.6	138.62	1.793392007
9915	3.94	47.45	352.16	199.36	1.766452648
9917	4.34	46.69	396.1	379.61	1.043439319
9918	5.21	47.43	227.64	238.77	0.953386104
9920	4.32	48.54	290.17	180.2	1.610266371
9921	4.41	48.57	292.98	172.87	1.69479956
9924	4.24	48.59	326.88	323.96	1.009013458
9925	4.52	48.91	216.29	202.81	1.066466151
9926	4.1	48.86	104.67	101.76	1.028596698
9927	3.69	44.05	158.36	93.71	1.689894355
9928	3.77	44.12	212.81	200.03	1.063890416
9929	3.71	43.92	373.22	208.35	1.791312695
9930	4.14	43.91	220.98	126.47	1.747291848
9932	4.33	44.12	212.69	201.8	1.053964321
9933	3.89	43.74	476.92	339.4	1.405185622
9935	2.93	50.6	201.87	196.69	1.026335858
9937	2.69	50.79	529.14	488.23	1.083792475
9938	2.99	50.65	263.77	253.38	1.041005604